2 1
3 2
5 2
4 1
4 3
8 3
7 2
8 5
12 5
9 2
7 4
9 4
6 1
5 4
11 4
10 3
13 8
19 8
14 3
12 7
16 7
11 2
11 8
21 8
18 5
19 12
29 12
22 5
16 9
20 9
13 2
10 7
18 7
15 4
14 9
22 9
17 4
11 6
13 6
8 1
6 5
14 5
13 4
18 11
26 11
19 4
17 10
23 10
16 3
18 13
34 13
29 8
30 19
46 19
35 8
25 14
31 14
20 3
17 12
31 12
26 7
25 16
39 16
30 7
20 11
24 11
15 2
14 11
30 11
27 8
34 21
50 21
37 8
31 18
41 18
28 5
26 19
50 19
43 12
46 29
70 29
53 12
39 22
49 22
32 5
23 16
41 16
34 9
31 20
49 20
38 9
24 13
28 13
17 2
13 10
27 10
24 7
29 18
43 18
32 7
26 15
34 15
23 4
19 14
37 14
32 9
35 22
53 22
40 9
30 17
38 17
25 4
16 11
28 11
23 6
20 13
32 13
25 6
15 8
17 8
10 1
7 6
17 6
16 5
23 14
33 14
24 5
22 13
30 13
21 4
25 18
47 18
40 11
41 26
63 26
48 11
34 19
42 19
27 4
24 17
44 17
37 10
36 23
56 23
43 10
29 16
35 16
22 3
23 18
49 18
44 13
55 34
81 34
60 13
50 29
66 29
45 8
41 30
79 30
68 19
73 46
111 46
84 19
62 35
78 35
51 8
36 25
64 25
53 14
48 31
76 31
59 14
37 20
43 20
26 3
22 17
46 17
41 12
50 31
74 31
55 12
45 26
59 26
40 7
34 25
66 25
57 16
62 39
94 39
71 16
53 30
67 30
44 7
29 20
51 20
42 11
37 24
59 24
46 11
28 15
32 15
19 2
17 14
39 14
36 11
49 30
71 30
52 11
46 27
62 27
43 8
47 34
89 34
76 21
79 50
121 50
92 21
66 37
82 37
53 8
44 31
80 31
67 18
64 41
100 41
77 18
51 28
61 28
38 5
33 26
71 26
64 19
81 50
119 50
88 19
74 43
98 43
67 12
63 46
121 46
104 29
111 70
169 70
128 29
94 53
118 53
77 12
56 39
100 39
83 22
76 49
120 49
93 22
59 32
69 32
42 5
30 23
62 23
55 16
66 41
98 41
73 16
59 34
77 34
52 9
42 31
82 31
71 20
78 49
118 49
89 20
67 38
85 38
56 9
35 24
61 24
50 13
43 28
69 28
54 13
32 17
36 17
21 2
16 13
36 13
33 10
44 27
64 27
47 10
41 24
55 24
38 7
40 29
76 29
65 18
68 43
104 43
79 18
57 32
71 32
46 7
37 26
67 26
56 15
53 34
83 34
64 15
42 23
50 23
31 4
24 19
52 19
47 14
60 37
88 37
65 14
55 32
73 32
50 9
48 35
92 35
79 22
84 53
128 53
97 22
71 40
89 40
58 9
43 30
77 30
64 17
59 38
93 38
72 17
46 25
54 25
33 4
21 16
43 16
38 11
45 28
67 28
50 11
40 23
52 23
35 6
27 20
53 20
46 13
51 32
77 32
58 13
44 25
56 25
37 6
22 15
38 15
31 8
26 17
42 17
33 8
19 10
21 10
12 1
3 1
5 3
7 3
5 1
7 5
13 5
11 3
11 7
17 7
13 3
9 5
11 5
7 1
9 7
19 7
17 5
21 13
31 13
23 5
19 11
25 11
17 3
15 11
29 11
25 7
27 17
41 17
31 7
23 13
29 13
19 3
13 9
23 9
19 5
17 11
27 11
21 5
13 7
15 7
9 1
11 9
25 9
23 7
31 19
45 19
33 7
29 17
39 17
27 5
29 21
55 21
47 13
49 31
75 31
57 13
41 23
51 23
33 5
27 19
49 19
41 11
39 25
61 25
47 11
31 17
37 17
23 3
19 15
41 15
37 11
47 29
69 29
51 11
43 25
57 25
39 7
37 27
71 27
61 17
65 41
99 41
75 17
55 31
69 31
45 7
33 23
59 23
49 13
45 29
71 29
55 13
35 19
41 19
25 3
17 13
35 13
31 9
37 23
55 23
41 9
33 19
43 19
29 5
23 17
45 17
39 11
43 27
65 27
49 11
37 21
47 21
31 5
19 13
33 13
27 7
23 15
37 15
29 7
17 9
19 9
11 1
13 11
31 11
29 9
41 25
59 25
43 9
39 23
53 23
37 7
43 31
81 31
69 19
71 45
109 45
83 19
59 33
73 33
47 7
41 29
75 29
63 17
61 39
95 39
73 17
49 27
59 27
37 5
37 29
79 29
71 21
89 55
131 55
97 21
81 47
107 47
73 13
67 49
129 49
111 31
119 75
181 75
137 31
101 57
127 57
83 13
59 41
105 41
87 23
79 51
125 51
97 23
61 33
71 33
43 5
35 27
73 27
65 19
79 49
117 49
87 19
71 41
93 41
63 11
53 39
103 39
89 25
97 61
147 61
111 25
83 47
105 47
69 11
45 31
79 31
65 17
57 37
91 37
71 17
43 23
49 23
29 3
23 19
53 19
49 15
67 41
97 41
71 15
63 37
85 37
59 11
65 47
123 47
105 29
109 69
167 69
127 29
91 51
113 51
73 11
61 43
111 43
93 25
89 57
139 57
107 25
71 39
85 39
53 7
47 37
101 37
91 27
115 71
169 71
125 27
105 61
139 61
95 17
89 65
171 65
147 41
157 99
239 99
181 41
133 75
167 75
109 17
79 55
141 55
117 31
107 69
169 69
131 31
83 45
97 45
59 7
43 33
89 33
79 23
95 59
141 59
105 23
85 49
111 49
75 13
61 45
119 45
103 29
113 71
171 71
129 29
97 55
123 55
81 13
51 35
89 35
73 19
63 41
101 41
79 19
47 25
53 25
31 3
21 17
47 17
43 13
57 35
83 35
61 13
53 31
71 31
49 9
51 37
97 37
83 23
87 55
133 55
101 23
73 41
91 41
59 9
47 33
85 33
71 19
67 43
105 43
81 19
53 29
63 29
39 5
29 23
63 23
57 17
73 45
107 45
79 17
67 39
89 39
61 11
59 43
113 43
97 27
103 65
157 65
119 27
87 49
109 49
71 11
53 37
95 37
79 21
73 47
115 47
89 21
57 31
67 31
41 5
25 19
51 19
45 13
53 33
79 33
59 13
47 27
61 27
41 7
31 23
61 23
53 15
59 37
89 37
67 15
51 29
65 29
43 7
25 17
43 17
35 9
29 19
47 19
37 9
21 11
23 11
13 1
