2 1
3 2
5 2
4 1
4 3
8 3
7 2
8 5
12 5
9 2
7 4
9 4
6 1
5 4
11 4
10 3
13 8
19 8
14 3
12 7
16 7
11 2
11 8
21 8
18 5
19 12
29 12
22 5
16 9
20 9
13 2
10 7
18 7
15 4
14 9
22 9
17 4
11 6
13 6
8 1
6 5
14 5
13 4
18 11
26 11
19 4
17 10
23 10
16 3
18 13
34 13
29 8
30 19
46 19
35 8
25 14
31 14
20 3
17 12
31 12
26 7
25 16
39 16
30 7
20 11
24 11
15 2
14 11
30 11
27 8
34 21
50 21
37 8
31 18
41 18
28 5
26 19
50 19
43 12
46 29
70 29
53 12
39 22
49 22
32 5
23 16
41 16
34 9
31 20
49 20
38 9
24 13
28 13
17 2
13 10
27 10
24 7
29 18
43 18
32 7
26 15
34 15
23 4
19 14
37 14
32 9
35 22
53 22
40 9
30 17
38 17
25 4
16 11
28 11
23 6
20 13
32 13
25 6
15 8
17 8
10 1
7 6
17 6
16 5
23 14
33 14
24 5
22 13
30 13
21 4
25 18
47 18
40 11
41 26
63 26
48 11
34 19
42 19
27 4
24 17
44 17
37 10
36 23
56 23
43 10
29 16
35 16
22 3
23 18
49 18
44 13
55 34
81 34
60 13
50 29
66 29
45 8
41 30
79 30
68 19
73 46
111 46
84 19
62 35
78 35
51 8
36 25
64 25
53 14
48 31
76 31
59 14
37 20
43 20
26 3
22 17
46 17
41 12
50 31
74 31
55 12
45 26
59 26
40 7
34 25
66 25
57 16
62 39
94 39
71 16
53 30
67 30
44 7
29 20
51 20
42 11
37 24
59 24
46 11
28 15
32 15
19 2
17 14
39 14
36 11
49 30
71 30
52 11
46 27
62 27
43 8
47 34
89 34
76 21
79 50
121 50
92 21
66 37
82 37
53 8
44 31
80 31
67 18
64 41
100 41
77 18
51 28
61 28
38 5
33 26
71 26
64 19
81 50
119 50
88 19
74 43
98 43
67 12
63 46
121 46
104 29
111 70
169 70
128 29
94 53
118 53
77 12
56 39
100 39
83 22
76 49
120 49
93 22
59 32
69 32
42 5
30 23
62 23
55 16
66 41
98 41
73 16
59 34
77 34
52 9
42 31
82 31
71 20
78 49
118 49
89 20
67 38
85 38
56 9
35 24
61 24
50 13
43 28
69 28
54 13
32 17
36 17
21 2
16 13
36 13
33 10
44 27
64 27
47 10
41 24
55 24
38 7
40 29
76 29
65 18
68 43
104 43
79 18
57 32
71 32
46 7
37 26
67 26
56 15
53 34
83 34
64 15
42 23
50 23
31 4
24 19
52 19
47 14
60 37
88 37
65 14
55 32
73 32
50 9
48 35
92 35
79 22
84 53
128 53
97 22
71 40
89 40
58 9
43 30
77 30
64 17
59 38
93 38
72 17
46 25
54 25
33 4
21 16
43 16
38 11
45 28
67 28
50 11
40 23
52 23
35 6
27 20
53 20
46 13
51 32
77 32
58 13
44 25
56 25
37 6
22 15
38 15
31 8
26 17
42 17
33 8
19 10
21 10
12 1
8 7
20 7
19 6
28 17
40 17
29 6
27 16
37 16
26 5
32 23
60 23
51 14
52 33
80 33
61 14
43 24
53 24
34 5
31 22
57 22
48 13
47 30
73 30
56 13
38 21
46 21
29 4
32 25
68 25
61 18
76 47
112 47
83 18
69 40
91 40
62 11
56 41
108 41
93 26
100 63
152 63
115 26
85 48
107 48
70 11
49 34
87 34
72 19
65 42
103 42
80 19
50 27
58 27
35 4
31 24
65 24
58 17
71 44
105 44
78 17
64 37
84 37
57 10
49 36
95 36
82 23
89 56
135 56
102 23
76 43
96 43
63 10
42 29
74 29
61 16
54 35
86 35
67 16
41 22
47 22
28 3
28 23
64 23
59 18
80 49
116 49
85 18
75 44
101 44
70 13
76 55
144 55
123 34
128 81
196 81
149 34
107 60
133 60
86 13
71 50
129 50
108 29
103 66
161 66
124 29
82 45
98 45
61 8
52 41
112 41
101 30
128 79
188 79
139 30
117 68
155 68
106 19
100 73
192 73
165 46
176 111
268 111
203 46
149 84
187 84
122 19
89 62
159 62
132 35
121 78
191 78
148 35
94 51
110 51
67 8
47 36
97 36
86 25
103 64
153 64
114 25
92 53
120 53
81 14
65 48
127 48
110 31
121 76
183 76
138 31
104 59
132 59
87 14
54 37
94 37
77 20
66 43
106 43
83 20
49 26
55 26
32 3
27 22
61 22
56 17
75 46
109 46
80 17
70 41
94 41
65 12
69 50
131 50
112 31
117 74
179 74
136 31
98 55
122 55
79 12
64 45
116 45
97 26
92 59
144 59
111 26
73 40
87 40
54 7
43 34
93 34
84 25
107 66
157 66
116 25
98 57
130 57
89 16
85 62
163 62
140 39
149 94
227 94
172 39
126 71
158 71
103 16
76 53
136 53
113 30
104 67
164 67
127 30
81 44
95 44
58 7
38 29
78 29
69 20
82 51
122 51
91 20
73 42
95 42
64 11
50 37
98 37
85 24
94 59
142 59
107 24
81 46
103 46
68 11
41 28
71 28
58 15
49 32
79 32
62 15
36 19
40 19
23 2
20 17
48 17
45 14
64 39
92 39
67 14
61 36
83 36
58 11
68 49
128 49
109 30
112 71
172 71
131 30
93 52
115 52
74 11
65 46
119 46
100 27
97 62
151 62
116 27
78 43
94 43
59 8
60 47
128 47
115 34
144 89
212 89
157 34
131 76
173 76
118 21
108 79
208 79
179 50
192 121
292 121
221 50
163 92
205 92
134 21
95 66
169 66
140 37
127 82
201 82
156 37
98 53
114 53
69 8
57 44
119 44
106 31
129 80
191 80
142 31
116 67
152 67
103 18
87 64
169 64
146 41
159 100
241 100
182 41
136 77
172 77
113 18
74 51
130 51
107 28
94 61
150 61
117 28
71 38
81 38
48 5
40 33
92 33
85 26
116 71
168 71
123 26
109 64
147 64
102 19
112 81
212 81
181 50
188 119
288 119
219 50
157 88
195 88
126 19
105 74
191 74
160 43
153 98
239 98
184 43
122 67
146 67
91 12
80 63
172 63
155 46
196 121
288 121
213 46
179 104
237 104
162 29
152 111
292 111
251 70
268 169
408 169
309 70
227 128
285 128
186 29
135 94
241 94
200 53
183 118
289 118
224 53
142 77
166 77
101 12
73 56
151 56
134 39
161 100
239 100
178 39
144 83
188 83
127 22
103 76
201 76
174 49
191 120
289 120
218 49
164 93
208 93
137 22
86 59
150 59
123 32
106 69
170 69
133 32
79 42
89 42
52 5
37 30
83 30
76 23
101 62
147 62
108 23
94 55
126 55
87 16
91 66
173 66
148 41
155 98
237 98
180 41
130 73
162 73
105 16
84 59
152 59
127 34
120 77
188 77
145 34
95 52
113 52
70 9
53 42
115 42
104 31
133 82
195 82
144 31
122 71
162 71
111 20
107 78
205 78
176 49
187 118
285 118
216 49
158 89
198 89
129 20
96 67
172 67
143 38
132 85
208 85
161 38
103 56
121 56
74 9
46 35
94 35
83 24
98 61
146 61
109 24
87 50
113 50
76 13
58 43
114 43
99 28
110 69
166 69
125 28
95 54
121 54
80 13
47 32
81 32
66 17
55 36
89 36
70 17
40 21
44 21
25 2
19 16
45 16
42 13
59 36
85 36
62 13
56 33
76 33
53 10
61 44
115 44
98 27
101 64
155 64
118 27
84 47
104 47
67 10
58 41
106 41
89 24
86 55
134 55
103 24
69 38
83 38
52 7
51 40
109 40
98 29
123 76
181 76
134 29
112 65
148 65
101 18
93 68
179 68
154 43
165 104
251 104
190 43
140 79
176 79
115 18
82 57
146 57
121 32
110 71
174 71
135 32
85 46
99 46
60 7
48 37
100 37
89 26
108 67
160 67
119 26
97 56
127 56
86 15
72 53
140 53
121 34
132 83
200 83
151 34
113 64
143 64
94 15
61 42
107 42
88 23
77 50
123 50
96 23
58 31
66 31
39 4
29 24
67 24
62 19
85 52
123 52
90 19
80 47
108 47
75 14
83 60
157 60
134 37
139 88
213 88
162 37
116 65
144 65
93 14
78 55
142 55
119 32
114 73
178 73
137 32
91 50
109 50
68 9
61 48
131 48
118 35
149 92
219 92
162 35
136 79
180 79
123 22
115 84
221 84
190 53
203 128
309 128
234 53
172 97
216 97
141 22
102 71
182 71
151 40
138 89
218 89
169 40
107 58
125 58
76 9
56 43
116 43
103 30
124 77
184 77
137 30
111 64
145 64
98 17
80 59
156 59
135 38
148 93
224 93
169 38
127 72
161 72
106 17
67 46
117 46
96 25
83 54
133 54
104 25
62 33
70 33
41 4
26 21
58 21
53 16
70 43
102 43
75 16
65 38
87 38
60 11
62 45
118 45
101 28
106 67
162 67
123 28
89 50
111 50
72 11
57 40
103 40
86 23
81 52
127 52
98 23
64 35
76 35
47 6
34 27
74 27
67 20
86 53
126 53
93 20
79 46
105 46
72 13
70 51
134 51
115 32
122 77
186 77
141 32
103 58
129 58
84 13
63 44
113 44
94 25
87 56
137 56
106 25
68 37
80 37
49 6
29 22
59 22
52 15
61 38
91 38
68 15
54 31
70 31
47 8
35 26
69 26
60 17
67 42
101 42
76 17
58 33
74 33
49 8
28 19
48 19
39 10
32 21
52 21
41 10
23 12
25 12
14 1
9 8
23 8
22 7
33 20
47 20
34 7
32 19
44 19
31 6
39 28
73 28
62 17
63 40
97 40
74 17
52 29
64 29
41 6
38 27
70 27
59 16
58 37
90 37
69 16
47 26
57 26
36 5
41 32
87 32
78 23
97 60
143 60
106 23
88 51
116 51
79 14
71 52
137 52
118 33
127 80
193 80
146 33
108 61
136 61
89 14
62 43
110 43
91 24
82 53
130 53
101 24
63 34
73 34
44 5
40 31
84 31
75 22
92 57
136 57
101 22
83 48
109 48
74 13
64 47
124 47
107 30
116 73
176 73
133 30
99 56
125 56
82 13
55 38
97 38
80 21
71 46
113 46
88 21
54 29
62 29
37 4
39 32
89 32
82 25
111 68
161 68
118 25
104 61
140 61
97 18
105 76
199 76
170 47
177 112
271 112
206 47
148 83
184 83
119 18
98 69
178 69
149 40
142 91
222 91
171 40
113 62
135 62
84 11
71 56
153 56
138 41
175 108
257 108
190 41
160 93
212 93
145 26
137 100
263 100
226 63
241 152
367 152
278 63
204 115
256 115
167 26
122 85
218 85
181 48
166 107
262 107
203 48
129 70
151 70
92 11
64 49
132 49
117 34
140 87
208 87
155 34
125 72
163 72
110 19
88 65
172 65
149 42
164 103
248 103
187 42
141 80
179 80
118 19
73 50
127 50
104 27
89 58
143 58
112 27
66 35
74 35
43 4
38 31
86 31
79 24
106 65
154 65
113 24
99 58
133 58
92 17
98 71
186 71
159 44
166 105
254 105
193 44
139 78
173 78
112 17
91 64
165 64
138 37
131 84
205 84
158 37
104 57
124 57
77 10
62 49
134 49
121 36
154 95
226 95
167 36
141 82
187 82
128 23
122 89
234 89
201 56
214 135
326 135
247 56
181 102
227 102
148 23
109 76
195 76
162 43
149 96
235 96
182 43
116 63
136 63
83 10
55 42
113 42
100 29
119 74
177 74
132 29
106 61
138 61
93 16
73 54
143 54
124 35
137 86
207 86
156 35
118 67
150 67
99 16
60 41
104 41
85 22
72 47
116 47
91 22
53 28
59 28
34 3
33 28
79 28
74 23
105 64
151 64
110 23
100 59
136 59
95 18
111 80
209 80
178 49
183 116
281 116
214 49
152 85
188 85
121 18
106 75
194 75
163 44
158 101
246 101
189 44
127 70
153 70
96 13
97 76
207 76
186 55
233 144
343 144
254 55
212 123
280 123
191 34
175 128
337 128
290 81
311 196
473 196
358 81
264 149
332 149
217 34
154 107
274 107
227 60
206 133
326 133
253 60
159 86
185 86
112 13
92 71
192 71
171 50
208 129
308 129
229 50
187 108
245 108
166 29
140 103
272 103
235 66
256 161
388 161
293 66
219 124
277 124
182 29
119 82
209 82
172 45
151 98
241 98
188 45
114 61
130 61
77 8
63 52
145 52
134 41
183 112
265 112
194 41
172 101
232 101
161 30
177 128
335 128
286 79
297 188
455 188
346 79
248 139
308 139
199 30
166 117
302 117
253 68
242 155
378 155
291 68
193 106
231 106
144 19
127 100
273 100
246 73
311 192
457 192
338 73
284 165
376 165
257 46
241 176
463 176
398 111
425 268
647 268
490 111
360 203
452 203
295 46
214 149
382 149
317 84
290 187
458 187
355 84
225 122
263 122
160 19
116 89
240 89
213 62
256 159
380 159
283 62
229 132
299 132
202 35
164 121
320 121
277 78
304 191
460 191
347 78
261 148
331 148
218 35
137 94
239 94
196 51
169 110
271 110
212 51
126 67
142 67
83 8
58 47
130 47
119 36
158 97
230 97
169 36
147 86
197 86
136 25
142 103
270 103
231 64
242 153
370 153
281 64
203 114
253 114
164 25
131 92
237 92
198 53
187 120
293 120
226 53
148 81
176 81
109 14
82 65
178 65
161 48
206 127
302 127
223 48
189 110
251 110
172 31
166 121
318 121
273 76
290 183
442 183
335 76
245 138
307 138
200 31
149 104
267 104
222 59
205 132
323 132
250 59
160 87
188 87
115 14
71 54
145 54
128 37
151 94
225 94
168 37
134 77
174 77
117 20
89 66
175 66
152 43
169 106
255 106
192 43
146 83
186 83
123 20
72 49
124 49
101 26
84 55
136 55
107 26
61 32
67 32
38 3
32 27
76 27
71 22
100 61
144 61
105 22
95 56
129 56
90 17
104 75
196 75
167 46
172 109
264 109
201 46
143 80
177 80
114 17
99 70
181 70
152 41
147 94
229 94
176 41
118 65
142 65
89 12
88 69
188 69
169 50
212 131
312 131
231 50
193 112
255 112
174 31
160 117
308 117
265 74
284 179
432 179
327 74
241 136
303 136
198 31
141 98
251 98
208 55
189 122
299 122
232 55
146 79
170 79
103 12
83 64
173 64
154 45
187 116
277 116
206 45
168 97
220 97
149 26
125 92
243 92
210 59
229 144
347 144
262 59
196 111
248 111
163 26
106 73
186 73
153 40
134 87
214 87
167 40
101 54
115 54
68 7
52 43
120 43
111 34
152 93
220 93
161 34
143 84
193 84
134 25
148 107
280 107
239 66
248 157
380 157
289 66
207 116
257 116
166 25
139 98
253 98
212 57
203 130
317 130
244 57
162 89
194 89
121 16
108 85
232 85
209 62
264 163
388 163
287 62
241 140
319 140
218 39
204 149
392 149
337 94
360 227
548 227
415 94
305 172
383 172
250 39
181 126
323 126
268 71
245 158
387 158
300 71
190 103
222 103
135 16
99 76
205 76
182 53
219 136
325 136
242 53
196 113
256 113
173 30
141 104
275 104
238 67
261 164
395 164
298 67
224 127
284 127
187 30
118 81
206 81
169 44
146 95
234 95
183 44
109 58
123 58
72 7
47 38
105 38
96 29
127 78
185 78
136 29
118 69
158 69
109 20
113 82
215 82
184 51
193 122
295 122
224 51
162 91
202 91
131 20
104 73
188 73
157 42
148 95
232 95
179 42
117 64
139 64
86 11
63 50
137 50
124 37
159 98
233 98
172 37
146 85
194 85
133 24
129 94
247 94
212 59
225 142
343 142
260 59
190 107
238 107
155 24
116 81
208 81
173 46
160 103
252 103
195 46
125 68
147 68
90 11
54 41
110 41
97 28
114 71
170 71
127 28
101 58
131 58
88 15
66 49
130 49
113 32
126 79
190 79
143 32
109 62
139 62
92 15
53 36
91 36
74 19
61 40
99 40
78 19
44 23
48 23
27 2
23 20
57 20
54 17
79 48
113 48
82 17
76 45
104 45
73 14
89 64
167 64
142 39
145 92
223 92
170 39
120 67
148 67
95 14
86 61
158 61
133 36
130 83
202 83
155 36
105 58
127 58
80 11
87 68
185 68
166 49
207 128
305 128
226 49
188 109
248 109
169 30
153 112
295 112
254 71
273 172
415 172
314 71
232 131
292 131
191 30
134 93
238 93
197 52
178 115
282 115
219 52
137 74
159 74
96 11
84 65
176 65
157 46
192 119
284 119
211 46
173 100
227 100
154 27
132 97
256 97
221 62
240 151
364 151
275 62
205 116
259 116
170 27
113 78
199 78
164 43
145 94
231 94
180 43
110 59
126 59
75 8
73 60
167 60
154 47
209 128
303 128
222 47
196 115
264 115
183 34
199 144
377 144
322 89
335 212
513 212
390 89
280 157
348 157
225 34
186 131
338 131
283 76
270 173
422 173
325 76
215 118
257 118
160 21
137 108
295 108
266 79
337 208
495 208
366 79
308 179
408 179
279 50
263 192
505 192
434 121
463 292
705 292
534 121
392 221
492 221
321 50
234 163
418 163
347 92
318 205
502 205
389 92
247 134
289 134
176 21
124 95
256 95
227 66
272 169
404 169
301 66
243 140
317 140
214 37
172 127
336 127
291 82
320 201
484 201
365 82
275 156
349 156
230 37
143 98
249 98
204 53
175 114
281 114
220 53
130 69
146 69
85 8
70 57
158 57
145 44
194 119
282 119
207 44
181 106
243 106
168 31
178 129
338 129
289 80
302 191
462 191
351 80
253 142
315 142
204 31
165 116
299 116
250 67
237 152
371 152
286 67
188 103
224 103
139 18
110 87
238 87
215 64
274 169
402 169
297 64
251 146
333 146
228 41
218 159
418 159
359 100
382 241
582 241
441 100
323 182
405 182
264 41
195 136
349 136
290 77
267 172
421 172
326 77
208 113
244 113
149 18
97 74
199 74
176 51
209 130
311 130
232 51
186 107
242 107
163 28
127 94
249 94
216 61
239 150
361 150
272 61
206 117
262 117
173 28
104 71
180 71
147 38
124 81
200 81
157 38
91 48
101 48
58 5
47 40
113 40
106 33
151 92
217 92
158 33
144 85
196 85
137 26
161 116
303 116
258 71
265 168
407 168
310 71
220 123
272 123
175 26
154 109
282 109
237 64
230 147
358 147
275 64
185 102
223 102
140 19
143 112
305 112
274 81
343 212
505 212
374 81
312 181
412 181
281 50
257 188
495 188
426 119
457 288
695 288
526 119
388 219
488 219
319 50
226 157
402 157
333 88
302 195
478 195
371 88
233 126
271 126
164 19
136 105
284 105
253 74
308 191
456 191
339 74
277 160
363 160
246 43
208 153
404 153
349 98
380 239
576 239
435 98
325 184
411 184
270 43
177 122
311 122
256 67
225 146
359 146
280 67
170 91
194 91
115 12
97 80
223 80
206 63
281 172
407 172
298 63
264 155
356 155
247 46
271 196
513 196
438 121
455 288
697 288
530 121
380 213
472 213
305 46
254 179
462 179
387 104
370 237
578 237
445 104
295 162
353 162
220 29
193 152
415 152
374 111
473 292
695 292
514 111
432 251
572 251
391 70
367 268
705 268
606 169
647 408
985 408
746 169
548 309
688 309
449 70
326 227
582 227
483 128
442 285
698 285
541 128
343 186
401 186
244 29
176 135
364 135
323 94
388 241
576 241
429 94
347 200
453 200
306 53
248 183
484 183
419 118
460 289
696 289
525 118
395 224
501 224
330 53
207 142
361 142
296 77
255 166
409 166
320 77
190 101
214 101
125 12
90 73
202 73
185 56
246 151
358 151
263 56
229 134
307 134
212 39
222 161
422 161
361 100
378 239
578 239
439 100
317 178
395 178
256 39
205 144
371 144
310 83
293 188
459 188
354 83
232 127
276 127
171 22
130 103
282 103
255 76
326 201
478 201
353 76
299 174
397 174
272 49
262 191
502 191
431 120
458 289
698 289
529 120
387 218
485 218
316 49
235 164
421 164
350 93
323 208
509 208
394 93
252 137
296 137
181 22
113 86
231 86
204 59
241 150
359 150
268 59
214 123
278 123
187 32
143 106
281 106
244 69
271 170
409 170
308 69
234 133
298 133
197 32
116 79
200 79
163 42
136 89
220 89
173 42
99 52
109 52
62 5
44 37
104 37
97 30
136 83
196 83
143 30
129 76
175 76
122 23
140 101
264 101
225 62
232 147
356 147
271 62
193 108
239 108
154 23
133 94
243 94
204 55
197 126
307 126
236 55
158 87
190 87
119 16
116 91
248 91
223 66
280 173
412 173
305 66
255 148
337 148
230 41
212 155
408 155
351 98
376 237
572 237
433 98
319 180
401 180
262 41
187 130
333 130
276 73
251 162
397 162
308 73
194 105
226 105
137 16
109 84
227 84
202 59
245 152
363 152
270 59
220 127
288 127
195 34
163 120
317 120
274 77
299 188
453 188
342 77
256 145
324 145
213 34
138 95
242 95
199 52
174 113
278 113
217 52
131 70
149 70
88 9
64 53
148 53
137 42
188 115
272 115
199 42
177 104
239 104
166 31
184 133
348 133
297 82
308 195
472 195
359 82
257 144
319 144
206 31
173 122
315 122
264 71
253 162
395 162
304 71
202 111
242 111
151 20
136 107
292 107
263 78
332 205
488 205
361 78
303 176
401 176
274 49
256 187
492 187
423 118
452 285
688 285
521 118
383 216
481 216
314 49
227 158
405 158
336 89
307 198
485 198
376 89
238 129
278 129
169 20
125 96
259 96
230 67
277 172
411 172
306 67
248 143
324 143
219 38
179 132
349 132
302 85
331 208
501 208
378 85
284 161
360 161
237 38
150 103
262 103
215 56
186 121
298 121
233 56
139 74
157 74
92 9
57 46
127 46
116 35
153 94
223 94
164 35
142 83
190 83
131 24
135 98
257 98
220 61
231 146
353 146
268 61
194 109
242 109
157 24
124 87
224 87
187 50
176 113
276 113
213 50
139 76
165 76
102 13
73 58
159 58
144 43
185 114
271 114
200 43
170 99
226 99
155 28
151 110
289 110
248 69
263 166
401 166
304 69
222 125
278 125
181 28
136 95
244 95
203 54
188 121
296 121
229 54
147 80
173 80
106 13
62 47
126 47
111 32
130 81
194 81
145 32
115 66
149 66
100 17
74 55
146 55
127 36
142 89
214 89
161 36
123 70
157 70
104 17
59 40
101 40
82 21
67 44
109 44
86 21
48 25
52 25
29 2
22 19
54 19
51 16
74 45
106 45
77 16
71 42
97 42
68 13
82 59
154 59
131 36
134 85
206 85
157 36
111 62
137 62
88 13
79 56
145 56
122 33
119 76
185 76
142 33
96 53
116 53
73 10
78 61
166 61
149 44
186 115
274 115
203 44
169 98
223 98
152 27
138 101
266 101
229 64
246 155
374 155
283 64
209 118
263 118
172 27
121 84
215 84
178 47
161 104
255 104
198 47
124 67
144 67
87 10
75 58
157 58
140 41
171 106
253 106
188 41
154 89
202 89
137 24
117 86
227 86
196 55
213 134
323 134
244 55
182 103
230 103
151 24
100 69
176 69
145 38
128 83
204 83
159 38
97 52
111 52
66 7
62 51
142 51
131 40
178 109
258 109
189 40
167 98
225 98
156 29
170 123
322 123
275 76
286 181
438 181
333 76
239 134
297 134
192 29
159 112
289 112
242 65
231 148
361 148
278 65
184 101
220 101
137 18
118 93
254 93
229 68
290 179
426 179
315 68
265 154
351 154
240 43
226 165
434 165
373 104
398 251
606 251
459 104
337 190
423 190
276 43
201 140
359 140
298 79
273 176
431 176
334 79
212 115
248 115
151 18
107 82
221 82
196 57
235 146
349 146
260 57
210 121
274 121
185 32
149 110
291 110
252 71
277 174
419 174
316 71
238 135
302 135
199 32
124 85
216 85
177 46
152 99
244 99
191 46
113 60
127 60
74 7
59 48
133 48
122 37
163 100
237 100
174 37
152 89
204 89
141 26
149 108
283 108
242 67
253 160
387 160
294 67
212 119
264 119
171 26
138 97
250 97
209 56
198 127
310 127
239 56
157 86
187 86
116 15
91 72
197 72
178 53
227 140
333 140
246 53
208 121
276 121
189 34
181 132
347 132
298 83
317 200
483 200
366 83
268 151
336 151
219 34
162 113
290 113
241 64
222 143
350 143
271 64
173 94
203 94
124 15
80 61
164 61
145 42
172 107
256 107
191 42
153 88
199 88
134 23
104 77
204 77
177 50
196 123
296 123
223 50
169 96
215 96
142 23
85 58
147 58
120 31
101 66
163 66
128 31
74 39
82 39
47 4
34 29
82 29
77 24
110 67
158 67
115 24
105 62
143 62
100 19
118 85
222 85
189 52
194 123
298 123
227 52
161 90
199 90
128 19
113 80
207 80
174 47
169 108
263 108
202 47
136 75
164 75
103 14
106 83
226 83
203 60
254 157
374 157
277 60
231 134
305 134
208 37
190 139
366 139
315 88
338 213
514 213
389 88
287 162
361 162
236 37
167 116
297 116
246 65
223 144
353 144
274 65
172 93
200 93
121 14
101 78
211 78
188 55
229 142
339 142
252 55
206 119
270 119
183 32
155 114
301 114
260 73
283 178
429 178
324 73
242 137
306 137
201 32
132 91
232 91
191 50
168 109
268 109
209 50
127 68
145 68
86 9
74 61
170 61
157 48
214 131
310 131
227 48
201 118
271 118
188 35
206 149
390 149
333 92
346 219
530 219
403 92
289 162
359 162
232 35
193 136
351 136
294 79
281 180
439 180
338 79
224 123
268 123
167 22
146 115
314 115
283 84
358 221
526 221
389 84
327 190
433 190
296 53
278 203
534 203
459 128
490 309
746 309
565 128
415 234
521 234
340 53
247 172
441 172
366 97
335 216
529 216
410 97
260 141
304 141
185 22
133 102
275 102
244 71
293 182
435 182
324 71
262 151
342 151
231 40
187 138
365 138
316 89
347 218
525 218
396 89
298 169
378 169
249 40
156 107
272 107
223 58
192 125
308 125
241 58
143 76
161 76
94 9
69 56
155 56
142 43
189 116
275 116
202 43
176 103
236 103
163 30
171 124
325 124
278 77
291 184
445 184
338 77
244 137
304 137
197 30
158 111
286 111
239 64
226 145
354 145
273 64
179 98
213 98
132 17
101 80
219 80
198 59
253 156
371 156
274 59
232 135
308 135
211 38
203 148
389 148
334 93
355 224
541 224
410 93
300 169
376 169
245 38
182 127
326 127
271 72
250 161
394 161
305 72
195 106
229 106
140 17
88 67
180 67
159 46
188 117
280 117
209 46
167 96
217 96
146 25
112 83
220 83
191 54
212 133
320 133
241 54
183 104
233 104
154 25
91 62
157 62
128 33
107 70
173 70
136 33
78 41
86 41
49 4
31 26
73 26
68 21
95 58
137 58
100 21
90 53
122 53
85 16
97 70
183 70
156 43
161 102
247 102
188 43
134 75
166 75
107 16
92 65
168 65
141 38
136 87
212 87
163 38
109 60
131 60
82 11
79 62
169 62
152 45
191 118
281 118
208 45
174 101
230 101
157 28
145 106
279 106
240 67
257 162
391 162
296 67
218 123
274 123
179 28
128 89
228 89
189 50
172 111
272 111
211 50
133 72
155 72
94 11
74 57
154 57
137 40
166 103
246 103
183 40
149 86
195 86
132 23
110 81
214 81
185 52
202 127
306 127
231 52
173 98
219 98
144 23
93 64
163 64
134 35
117 76
187 76
146 35
88 47
100 47
59 6
41 34
95 34
88 27
121 74
175 74
128 27
114 67
154 67
107 20
119 86
225 86
192 53
199 126
305 126
232 53
166 93
206 93
133 20
112 79
204 79
171 46
164 105
256 105
197 46
131 72
157 72
98 13
89 70
191 70
172 51
217 134
319 134
236 51
198 115
262 115
179 32
167 122
321 122
276 77
295 186
449 186
340 77
250 141
314 141
205 32
148 103
264 103
219 58
200 129
316 129
245 58
155 84
181 84
110 13
82 63
170 63
151 44
182 113
270 113
201 44
163 94
213 94
144 25
118 87
230 87
199 56
218 137
330 137
249 56
187 106
237 106
156 25
99 68
173 68
142 37
123 80
197 80
154 37
92 49
104 49
61 6
36 29
80 29
73 22
96 59
140 59
103 22
89 52
119 52
82 15
84 61
160 61
137 38
144 91
220 91
167 38
121 68
151 68
98 15
77 54
139 54
116 31
109 70
171 70
132 31
86 47
102 47
63 8
44 35
96 35
87 26
112 69
164 69
121 26
103 60
137 60
94 17
92 67
176 67
151 42
160 101
244 101
185 42
135 76
169 76
110 17
83 58
149 58
124 33
115 74
181 74
140 33
90 49
106 49
65 8
37 28
75 28
66 19
77 48
115 48
86 19
68 39
88 39
59 10
43 32
85 32
74 21
83 52
125 52
94 21
72 41
92 41
61 10
34 23
58 23
47 12
38 25
62 25
49 12
27 14
29 14
16 1
3 1
5 3
7 3
5 1
7 5
13 5
11 3
11 7
17 7
13 3
9 5
11 5
7 1
9 7
19 7
17 5
21 13
31 13
23 5
19 11
25 11
17 3
15 11
29 11
25 7
27 17
41 17
31 7
23 13
29 13
19 3
13 9
23 9
19 5
17 11
27 11
21 5
13 7
15 7
9 1
11 9
25 9
23 7
31 19
45 19
33 7
29 17
39 17
27 5
29 21
55 21
47 13
49 31
75 31
57 13
41 23
51 23
33 5
27 19
49 19
41 11
39 25
61 25
47 11
31 17
37 17
23 3
19 15
41 15
37 11
47 29
69 29
51 11
43 25
57 25
39 7
37 27
71 27
61 17
65 41
99 41
75 17
55 31
69 31
45 7
33 23
59 23
49 13
45 29
71 29
55 13
35 19
41 19
25 3
17 13
35 13
31 9
37 23
55 23
41 9
33 19
43 19
29 5
23 17
45 17
39 11
43 27
65 27
49 11
37 21
47 21
31 5
19 13
33 13
27 7
23 15
37 15
29 7
17 9
19 9
11 1
13 11
31 11
29 9
41 25
59 25
43 9
39 23
53 23
37 7
43 31
81 31
69 19
71 45
109 45
83 19
59 33
73 33
47 7
41 29
75 29
63 17
61 39
95 39
73 17
49 27
59 27
37 5
37 29
79 29
71 21
89 55
131 55
97 21
81 47
107 47
73 13
67 49
129 49
111 31
119 75
181 75
137 31
101 57
127 57
83 13
59 41
105 41
87 23
79 51
125 51
97 23
61 33
71 33
43 5
35 27
73 27
65 19
79 49
117 49
87 19
71 41
93 41
63 11
53 39
103 39
89 25
97 61
147 61
111 25
83 47
105 47
69 11
45 31
79 31
65 17
57 37
91 37
71 17
43 23
49 23
29 3
23 19
53 19
49 15
67 41
97 41
71 15
63 37
85 37
59 11
65 47
123 47
105 29
109 69
167 69
127 29
91 51
113 51
73 11
61 43
111 43
93 25
89 57
139 57
107 25
71 39
85 39
53 7
47 37
101 37
91 27
115 71
169 71
125 27
105 61
139 61
95 17
89 65
171 65
147 41
157 99
239 99
181 41
133 75
167 75
109 17
79 55
141 55
117 31
107 69
169 69
131 31
83 45
97 45
59 7
43 33
89 33
79 23
95 59
141 59
105 23
85 49
111 49
75 13
61 45
119 45
103 29
113 71
171 71
129 29
97 55
123 55
81 13
51 35
89 35
73 19
63 41
101 41
79 19
47 25
53 25
31 3
21 17
47 17
43 13
57 35
83 35
61 13
53 31
71 31
49 9
51 37
97 37
83 23
87 55
133 55
101 23
73 41
91 41
59 9
47 33
85 33
71 19
67 43
105 43
81 19
53 29
63 29
39 5
29 23
63 23
57 17
73 45
107 45
79 17
67 39
89 39
61 11
59 43
113 43
97 27
103 65
157 65
119 27
87 49
109 49
71 11
53 37
95 37
79 21
73 47
115 47
89 21
57 31
67 31
41 5
25 19
51 19
45 13
53 33
79 33
59 13
47 27
61 27
41 7
31 23
61 23
53 15
59 37
89 37
67 15
51 29
65 29
43 7
25 17
43 17
35 9
29 19
47 19
37 9
21 11
23 11
13 1
15 13
37 13
35 11
51 31
73 31
53 11
49 29
67 29
47 9
57 41
107 41
91 25
93 59
143 59
109 25
77 43
95 43
61 9
55 39
101 39
85 23
83 53
129 53
99 23
67 37
81 37
51 7
55 43
117 43
105 31
131 81
193 81
143 31
119 69
157 69
107 19
97 71
187 71
161 45
173 109
263 109
199 45
147 83
185 83
121 19
85 59
151 59
125 33
113 73
179 73
139 33
87 47
101 47
61 7
53 41
111 41
99 29
121 75
179 75
133 29
109 63
143 63
97 17
83 61
161 61
139 39
151 95
229 95
173 39
129 73
163 73
107 17
71 49
125 49
103 27
91 59
145 59
113 27
69 37
79 37
47 5
45 37
103 37
95 29
129 79
187 79
137 29
121 71
163 71
113 21
123 89
233 89
199 55
207 131
317 131
241 55
173 97
215 97
139 21
115 81
209 81
175 47
167 107
261 107
201 47
133 73
159 73
99 13
85 67
183 67
165 49
209 129
307 129
227 49
191 111
253 111
173 31
163 119
313 119
269 75
287 181
437 181
331 75
243 137
305 137
199 31
145 101
259 101
215 57
197 127
311 127
241 57
153 83
179 83
109 13
77 59
159 59
141 41
169 105
251 105
187 41
151 87
197 87
133 23
107 79
209 79
181 51
199 125
301 125
227 51
171 97
217 97
143 23
89 61
155 61
127 33
109 71
175 71
137 33
81 43
91 43
53 5
43 35
97 35
89 27
119 73
173 73
127 27
111 65
149 65
103 19
109 79
207 79
177 49
185 117
283 117
215 49
155 87
193 87
125 19
101 71
183 71
153 41
145 93
227 93
175 41
115 63
137 63
85 11
67 53
145 53
131 39
167 103
245 103
181 39
153 89
203 89
139 25
133 97
255 97
219 61
233 147
355 147
269 61
197 111
247 111
161 25
119 83
213 83
177 47
163 105
257 105
199 47
127 69
149 69
91 11
59 45
121 45
107 31
127 79
189 79
141 31
113 65
147 65
99 17
77 57
151 57
131 37
145 91
219 91
165 37
125 71
159 71
105 17
63 43
109 43
89 23
75 49
121 49
95 23
55 29
61 29
35 3
27 23
65 23
61 19
87 53
125 53
91 19
83 49
113 49
79 15
93 67
175 67
149 41
153 97
235 97
179 41
127 71
157 71
101 15
89 63
163 63
137 37
133 85
207 85
159 37
107 59
129 59
81 11
83 65
177 65
159 47
199 123
293 123
217 47
181 105
239 105
163 29
149 109
287 109
247 69
265 167
403 167
305 69
225 127
283 127
185 29
131 91
233 91
193 51
175 113
277 113
215 51
135 73
157 73
95 11
79 61
165 61
147 43
179 111
265 111
197 43
161 93
211 93
143 25
121 89
235 89
203 57
221 139
335 139
253 57
189 107
239 107
157 25
103 71
181 71
149 39
131 85
209 85
163 39
99 53
113 53
67 7
57 47
131 47
121 37
165 101
239 101
175 37
155 91
209 91
145 27
159 115
301 115
257 71
267 169
409 169
311 71
223 125
277 125
179 27
149 105
271 105
227 61
217 139
339 139
261 61
173 95
207 95
129 17
113 89
243 89
219 65
277 171
407 171
301 65
253 147
335 147
229 41
215 157
413 157
355 99
379 239
577 239
437 99
321 181
403 181
263 41
191 133
341 133
283 75
259 167
409 167
317 75
201 109
235 109
143 17
103 79
213 79
189 55
227 141
337 141
251 55
203 117
265 117
179 31
145 107
283 107
245 69
269 169
407 169
307 69
231 131
293 131
193 31
121 83
211 83
173 45
149 97
239 97
187 45
111 59
125 59
73 7
53 43
119 43
109 33
145 89
211 89
155 33
135 79
181 79
125 23
131 95
249 95
213 59
223 141
341 141
259 59
187 105
233 105
151 23
121 85
219 85
183 49
173 111
271 111
209 49
137 75
163 75
101 13
77 61
167 61
151 45
193 119
283 119
209 45
177 103
235 103
161 29
155 113
297 113
255 71
271 171
413 171
313 71
229 129
287 129
187 29
139 97
249 97
207 55
191 123
301 123
233 55
149 81
175 81
107 13
67 51
137 51
121 35
143 89
213 89
159 35
127 73
165 73
111 19
85 63
167 63
145 41
161 101
243 101
183 41
139 79
177 79
117 19
69 47
119 47
97 25
81 53
131 53
103 25
59 31
65 31
37 3
25 21
59 21
55 17
77 47
111 47
81 17
73 43
99 43
69 13
79 57
149 57
127 35
131 83
201 83
153 35
109 61
135 61
87 13
75 53
137 53
115 31
111 71
173 71
133 31
89 49
107 49
67 9
65 51
139 51
125 37
157 97
231 97
171 37
143 83
189 83
129 23
119 87
229 87
197 55
211 133
321 133
243 55
179 101
225 101
147 23
105 73
187 73
155 41
141 91
223 91
173 41
109 59
127 59
77 9
61 47
127 47
113 33
137 85
203 85
151 33
123 71
161 71
109 19
91 67
177 67
153 43
167 105
253 105
191 43
143 81
181 81
119 19
77 53
135 53
111 29
97 63
155 63
121 29
73 39
83 39
49 5
35 29
81 29
75 23
103 63
149 63
109 23
97 57
131 57
91 17
101 73
191 73
163 45
169 107
259 107
197 45
141 79
175 79
113 17
95 67
173 67
145 39
139 89
217 89
167 39
111 61
133 61
83 11
75 59
161 59
145 43
183 113
269 113
199 43
167 97
221 97
151 27
141 103
271 103
233 65
249 157
379 157
287 65
211 119
265 119
173 27
125 87
223 87
185 49
169 109
267 109
207 49
131 71
153 71
93 11
69 53
143 53
127 37
153 95
227 95
169 37
137 79
179 79
121 21
99 73
193 73
167 47
183 115
277 115
209 47
157 89
199 89
131 21
83 57
145 57
119 31
103 67
165 67
129 31
77 41
87 41
51 5
31 25
69 25
63 19
83 51
121 51
89 19
77 45
103 45
71 13
73 53
139 53
119 33
125 79
191 79
145 33
105 59
131 59
85 13
67 47
121 47
101 27
95 61
149 61
115 27
75 41
89 41
55 7
39 31
85 31
77 23
99 61
145 61
107 23
91 53
121 53
83 15
81 59
155 59
133 37
141 89
215 89
163 37
119 67
149 67
97 15
73 51
131 51
109 29
101 65
159 65
123 29
79 43
93 43
57 7
33 25
67 25
59 17
69 43
103 43
77 17
61 35
79 35
53 9
39 29
77 29
67 19
75 47
113 47
85 19
65 37
83 37
55 9
31 21
53 21
43 11
35 23
57 23
45 11
25 13
27 13
15 1
17 15
43 15
41 13
61 37
87 37
63 13
59 35
81 35
57 11
71 51
133 51
113 31
115 73
177 73
135 31
95 53
117 53
75 11
69 49
127 49
107 29
105 67
163 67
125 29
85 47
103 47
65 9
73 57
155 57
139 41
173 107
255 107
189 41
157 91
207 91
141 25
127 93
245 93
211 59
227 143
345 143
261 59
193 109
243 109
159 25
111 77
197 77
163 43
147 95
233 95
181 43
113 61
131 61
79 9
71 55
149 55
133 39
163 101
241 101
179 39
147 85
193 85
131 23
113 83
219 83
189 53
205 129
311 129
235 53
175 99
221 99
145 23
97 67
171 67
141 37
125 81
199 81
155 37
95 51
109 51
65 7
67 55
153 55
141 43
191 117
277 117
203 43
179 105
241 105
167 31
181 131
343 131
293 81
305 193
467 193
355 81
255 143
317 143
205 31
169 119
307 119
257 69
245 157
383 157
295 69
195 107
233 107
145 19
123 97
265 97
239 71
303 187
445 187
329 71
277 161
367 161
251 45
237 173
455 173
391 109
417 263
635 263
481 109
353 199
443 199
289 45
211 147
377 147
313 83
287 185
453 185
351 83
223 121
261 121
159 19
111 85
229 85
203 59
243 151
361 151
269 59
217 125
283 125
191 33
153 113
299 113
259 73
285 179
431 179
325 73
245 139
311 139
205 33
127 87
221 87
181 47
155 101
249 101
195 47
115 61
129 61
75 7
65 53
147 53
135 41
181 111
263 111
193 41
169 99
227 99
157 29
167 121
317 121
271 75
283 179
433 179
329 75
237 133
295 133
191 29
155 109
281 109
235 63
223 143
349 143
269 63
177 97
211 97
131 17
105 83
227 83
205 61
261 161
383 161
283 61
239 139
317 139
217 39
207 151
397 151
341 95
363 229
553 229
419 95
307 173
385 173
251 39
185 129
331 129
275 73
253 163
399 163
309 73
197 107
231 107
141 17
93 71
191 71
169 49
201 125
299 125
223 49
179 103
233 103
157 27
123 91
241 91
209 59
231 145
349 145
263 59
199 113
253 113
167 27
101 69
175 69
143 37
121 79
195 79
153 37
89 47
99 47
57 5
53 45
127 45
119 37
169 103
243 103
177 37
161 95
219 95
153 29
179 129
337 129
287 79
295 187
453 187
345 79
245 137
303 137
195 29
171 121
313 121
263 71
255 163
397 163
305 71
205 113
247 113
155 21
157 123
335 123
301 89
377 233
555 233
411 89
343 199
453 199
309 55
283 207
545 207
469 131
503 317
765 317
579 131
427 241
537 241
351 55
249 173
443 173
367 97
333 215
527 215
409 97
257 139
299 139
181 21
149 115
311 115
277 81
337 209
499 209
371 81
303 175
397 175
269 47
227 167
441 167
381 107
415 261
629 261
475 107
355 201
449 201
295 47
193 133
339 133
279 73
245 159
391 159
305 73
185 99
211 99
125 13
103 85
237 85
219 67
299 183
433 183
317 67
281 165
379 165
263 49
289 209
547 209
467 129
485 307
743 307
565 129
405 227
503 227
325 49
271 191
493 191
413 111
395 253
617 253
475 111
315 173
377 173
235 31
207 163
445 163
401 119
507 313
745 313
551 119
463 269
613 269
419 75
393 287
755 287
649 181
693 437
1055 437
799 181
587 331
737 331
481 75
349 243
623 243
517 137
473 305
747 305
579 137
367 199
429 199
261 31
189 145
391 145
347 101
417 259
619 259
461 101
373 215
487 215
329 57
267 197
521 197
451 127
495 311
749 311
565 127
425 241
539 241
355 57
223 153
389 153
319 83
275 179
441 179
345 83
205 109
231 109
135 13
95 77
213 77
195 59
259 159
377 159
277 59
241 141
323 141
223 41
233 169
443 169
379 105
397 251
607 251
461 105
333 187
415 187
269 41
215 151
389 151
325 87
307 197
481 197
371 87
243 133
289 133
179 23
135 107
293 107
265 79
339 209
497 209
367 79
311 181
413 181
283 51
273 199
523 199
449 125
477 301
727 301
551 125
403 227
505 227
329 51
245 171
439 171
365 97
337 217
531 217
411 97
263 143
309 143
189 23
117 89
239 89
211 61
249 155
371 155
277 61
221 127
287 127
193 33
147 109
289 109
251 71
279 175
421 175
317 71
241 137
307 137
203 33
119 81
205 81
167 43
139 91
225 91
177 43
101 53
111 53
63 5
51 43
121 43
113 35
159 97
229 97
167 35
151 89
205 89
143 27
165 119
311 119
265 73
273 173
419 173
319 73
227 127
281 127
181 27
157 111
287 111
241 65
233 149
363 149
279 65
187 103
225 103
141 19
139 109
297 109
267 79
335 207
493 207
365 79
305 177
403 177
275 49
253 185
487 185
419 117
449 283
683 283
517 117
381 215
479 215
313 49
223 155
397 155
329 87
299 193
473 193
367 87
231 125
269 125
163 19
131 101
273 101
243 71
295 183
437 183
325 71
265 153
347 153
235 41
197 145
383 145
331 93
361 227
547 227
413 93
309 175
391 175
257 41
167 115
293 115
241 63
211 137
337 137
263 63
159 85
181 85
107 11
81 67
187 67
173 53
237 145
343 145
251 53
223 131
301 131
209 39
231 167
437 167
373 103
387 245
593 245
451 103
323 181
401 181
259 39
217 153
395 153
331 89
317 203
495 203
381 89
253 139
303 139
189 25
169 133
363 133
327 97
413 255
607 255
449 97
377 219
499 219
341 61
319 233
613 233
527 147
563 355
857 355
649 147
477 269
599 269
391 61
283 197
505 197
419 111
383 247
605 247
469 111
297 161
347 161
211 25
155 119
321 119
285 83
343 213
509 213
379 83
307 177
401 177
271 47
221 163
431 163
373 105
409 257
619 257
467 105
351 199
445 199
293 47
185 127
323 127
265 69
229 149
367 149
287 69
171 91
193 91
113 11
73 59
163 59
149 45
197 121
287 121
211 45
183 107
245 107
169 31
175 127
333 127
285 79
299 189
457 189
347 79
251 141
313 141
203 31
161 113
291 113
243 65
229 147
359 147
277 65
181 99
215 99
133 17
97 77
211 77
191 57
245 151
359 151
265 57
225 131
299 131
205 37
199 145
381 145
327 91
347 219
529 219
401 91
293 165
367 165
239 37
179 125
321 125
267 71
247 159
389 159
301 71
193 105
227 105
139 17
83 63
169 63
149 43
175 109
261 109
195 43
155 89
201 89
135 23
101 75
199 75
173 49
193 121
291 121
219 49
167 95
213 95
141 23
81 55
139 55
113 29
93 61
151 61
119 29
67 35
73 35
41 3
31 27
77 27
73 23
107 65
153 65
111 23
103 61
141 61
99 19
121 87
227 87
193 53
197 125
303 125
231 53
163 91
201 91
129 19
117 83
215 83
181 49
177 113
275 113
211 49
143 79
173 79
109 15
119 93
253 93
227 67
283 175
417 175
309 67
257 149
339 149
231 41
209 153
403 153
347 97
373 235
567 235
429 97
317 179
399 179
261 41
183 127
325 127
269 71
243 157
385 157
299 71
187 101
217 101
131 15
115 89
241 89
215 63
263 163
389 163
289 63
237 137
311 137
211 37
181 133
351 133
303 85
329 207
499 207
377 85
281 159
355 159
233 37
155 107
273 107
225 59
199 129
317 129
247 59
151 81
173 81
103 11
101 83
231 83
213 65
289 177
419 177
307 65
271 159
365 159
253 47
275 199
521 199
445 123
463 293
709 293
539 123
387 217
481 217
311 47
257 181
467 181
391 105
373 239
583 239
449 105
297 163
355 163
221 29
189 149
407 149
367 109
465 287
683 287
505 109
425 247
563 247
385 69
363 265
697 265
599 167
639 403
973 403
737 167
541 305
679 305
443 69
323 225
577 225
479 127
439 283
693 283
537 127
341 185
399 185
243 29
171 131
353 131
313 91
375 233
557 233
415 91
335 193
437 193
295 51
237 175
463 175
401 113
441 277
667 277
503 113
379 215
481 215
317 51
197 135
343 135
281 73
241 157
387 157
303 73
179 95
201 95
117 11
97 79
219 79
201 61
269 165
391 165
287 61
251 147
337 147
233 43
247 179
469 179
401 111
419 265
641 265
487 111
351 197
437 197
283 43
229 161
415 161
347 93
329 211
515 211
397 93
261 143
311 143
193 25
153 121
331 121
299 89
381 235
559 235
413 89
349 203
463 203
317 57
303 221
581 221
499 139
531 335
809 335
613 139
449 253
563 253
367 57
271 189
485 189
403 107
371 239
585 239
453 107
289 157
339 157
207 25
135 103
277 103
245 71
291 181
433 181
323 71
259 149
337 149
227 39
177 131
347 131
301 85
333 209
503 209
379 85
287 163
365 163
241 39
145 99
251 99
205 53
173 113
279 113
219 53
127 67
141 67
81 7
67 57
161 57
151 47
215 131
309 131
225 47
205 121
279 121
195 37
229 165
431 165
367 101
377 239
579 239
441 101
313 175
387 175
249 37
219 155
401 155
337 91
327 209
509 209
391 91
263 145
317 145
199 27
203 159
433 159
389 115
487 301
717 301
531 115
443 257
585 257
399 71
365 267
703 267
605 169
649 409
987 409
747 169
551 311
693 311
453 71
321 223
571 223
473 125
429 277
679 277
527 125
331 179
385 179
233 27
193 149
403 149
359 105
437 271
647 271
481 105
393 227
515 227
349 61
295 217
573 217
495 139
539 339
817 339
617 139
461 261
583 261
383 61
251 173
441 173
363 95
319 207
509 207
397 95
241 129
275 129
163 17
137 113
315 113
291 89
397 243
575 243
421 89
373 219
503 219
349 65
383 277
725 277
619 171
643 407
985 407
749 171
537 301
667 301
431 65
359 253
653 253
547 147
523 335
817 335
629 147
417 229
499 229
311 41
273 215
587 215
529 157
669 413
983 413
727 157
611 355
809 355
553 99
519 379
997 379
857 239
915 577
1393 577
1055 239
775 437
973 437
635 99
461 321
823 321
683 181
625 403
987 403
765 181
485 263
567 263
345 41
249 191
515 191
457 133
549 341
815 341
607 133
491 283
641 283
433 75
351 259
685 259
593 167
651 409
985 409
743 167
559 317
709 317
467 75
293 201
511 201
419 109
361 235
579 235
453 109
269 143
303 143
177 17
127 103
285 103
261 79
347 213
505 213
371 79
323 189
433 189
299 55
313 227
595 227
509 141
533 337
815 337
619 141
447 251
557 251
361 55
289 203
523 203
437 117
413 265
647 265
499 117
327 179
389 179
241 31
183 145
397 145
359 107
459 283
673 283
497 107
421 245
559 245
383 69
369 269
707 269
607 169
645 407
983 407
745 169
545 307
683 307
445 69
331 231
593 231
493 131
455 293
717 293
555 131
355 193
417 193
255 31
159 121
325 121
287 83
339 211
505 211
377 83
301 173
391 173
263 45
201 149
395 149
343 97
381 239
575 239
433 97
329 187
419 187
277 45
163 111
281 111
229 59
191 125
309 125
243 59
139 73
153 73
87 7
63 53
149 53
139 43
195 119
281 119
205 43
185 109
251 109
175 33
201 145
379 145
323 89
333 211
511 211
389 89
277 155
343 155
221 33
191 135
349 135
293 79
283 181
441 181
339 79
227 125
273 125
171 23
167 131
357 131
321 95
403 249
593 249
439 95
367 213
485 213
331 59
305 223
587 223
505 141
541 341
823 341
623 141
459 259
577 259
377 59
269 187
479 187
397 105
361 233
571 233
443 105
279 151
325 151
197 23
157 121
327 121
291 85
353 219
523 219
389 85
317 183
415 183
281 49
235 173
457 173
395 111
431 271
653 271
493 111
369 209
467 209
307 49
199 137
349 137
287 75
251 163
401 163
313 75
189 101
215 101
127 13
93 77
215 77
199 61
273 167
395 167
289 61
257 151
347 151
241 45
267 193
505 193
431 119
447 283
685 283
521 119
373 209
463 209
299 45
251 177
457 177
383 103
367 235
573 235
441 103
293 161
351 161
219 29
197 155
423 155
381 113
481 297
707 297
523 113
439 255
581 255
397 71
371 271
713 271
613 171
655 413
997 413
755 171
555 313
697 313
455 71
329 229
587 229
487 129
445 287
703 287
545 129
345 187
403 187
245 29
181 139
375 139
333 97
401 249
595 249
443 97
359 207
469 207
317 55
259 191
505 191
437 123
479 301
725 301
547 123
411 233
521 233
343 55
217 149
379 149
311 81
269 175
431 175
337 81
201 107
227 107
133 13
83 67
185 67
169 51
223 137
325 137
239 51
207 121
277 121
191 35
197 143
375 143
321 89
337 213
515 213
391 89
283 159
353 159
229 35
181 127
327 127
273 73
257 165
403 165
311 73
203 111
241 111
149 19
107 85
233 85
211 63
271 167
397 167
293 63
249 145
331 145
227 41
221 161
423 161
363 101
385 243
587 243
445 101
325 183
407 183
265 41
199 139
357 139
297 79
275 177
433 177
335 79
215 117
253 117
155 19
91 69
185 69
163 47
191 119
285 119
213 47
169 97
219 97
147 25
109 81
215 81
187 53
209 131
315 131
237 53
181 103
231 103
153 25
87 59
149 59
121 31
99 65
161 65
127 31
71 37
77 37
43 3
29 25
71 25
67 21
97 59
139 59
101 21
93 55
127 55
89 17
107 77
201 77
171 47
175 111
269 111
205 47
145 81
179 81
115 17
103 73
189 73
159 43
155 99
241 99
185 43
125 69
151 69
95 13
101 79
215 79
193 57
241 149
355 149
263 57
219 127
289 127
197 35
179 131
345 131
297 83
319 201
485 201
367 83
271 153
341 153
223 35
157 109
279 109
231 61
209 135
331 135
257 61
161 87
187 87
113 13
97 75
203 75
181 53
221 137
327 137
243 53
199 115
261 115
177 31
151 111
293 111
253 71
275 173
417 173
315 71
235 133
297 133
195 31
129 89
227 89
187 49
165 107
263 107
205 49
125 67
143 67
85 9
79 65
181 65
167 51
227 139
329 139
241 51
213 125
287 125
199 37
217 157
411 157
351 97
365 231
559 231
425 97
305 171
379 171
245 37
203 143
369 143
309 83
295 189
461 189
355 83
235 129
281 129
175 23
151 119
325 119
293 87
371 229
545 229
403 87
339 197
449 197
307 55
289 211
555 211
477 133
509 321
775 321
587 133
431 243
541 243
353 55
257 179
459 179
381 101
349 225
551 225
427 101
271 147
317 147
193 23
137 105
283 105
251 73
301 187
447 187
333 73
269 155
351 155
237 41
191 141
373 141
323 91
355 223
537 223
405 91
305 173
387 173
255 41
159 109
277 109
227 59
195 127
313 127
245 59
145 77
163 77
95 9
75 61
169 61
155 47
207 127
301 127
221 47
193 113
259 113
179 33
189 137
359 137
307 85
321 203
491 203
373 85
269 151
335 151
217 33
175 123
317 123
265 71
251 161
393 161
303 71
199 109
237 109
147 19
115 91
249 91
225 67
287 177
421 177
311 67
263 153
349 153
239 43
229 167
439 167
377 105
401 253
611 253
463 105
339 191
425 191
277 43
205 143
367 143
305 81
281 181
443 181
343 81
219 119
257 119
157 19
101 77
207 77
183 53
217 135
323 135
241 53
193 111
251 111
169 29
131 97
257 97
223 63
247 155
373 155
281 63
213 121
271 121
179 29
107 73
185 73
151 39
127 83
205 83
161 39
93 49
103 49
59 5
41 35
99 35
93 29
133 81
191 81
139 29
127 75
173 75
121 23
143 103
269 103
229 63
235 149
361 149
275 63
195 109
241 109
155 23
137 97
251 97
211 57
205 131
319 131
245 57
165 91
199 91
125 17
129 101
275 101
247 73
309 191
455 191
337 73
281 163
371 163
253 45
231 169
445 169
383 107
411 259
625 259
473 107
349 197
439 197
287 45
203 141
361 141
299 79
271 175
429 175
333 79
209 113
243 113
147 17
123 95
257 95
229 67
279 173
413 173
307 67
251 145
329 145
223 39
189 139
367 139
317 89
345 217
523 217
395 89
295 167
373 167
245 39
161 111
283 111
233 61
205 133
327 133
255 61
155 83
177 83
105 11
91 75
209 75
193 59
263 161
381 161
279 59
247 145
333 145
231 43
253 183
479 183
409 113
425 269
651 269
495 113
355 199
441 199
285 43
237 167
431 167
361 97
345 221
539 221
415 97
275 151
329 151
205 27
179 141
385 141
347 103
439 271
645 271
477 103
401 233
531 233
363 65
341 249
655 249
563 157
601 379
915 379
693 157
509 287
639 287
417 65
303 211
541 211
449 119
411 265
649 265
503 119
319 173
373 173
227 27
163 125
337 125
299 87
359 223
533 223
397 87
321 185
419 185
283 49
229 169
447 169
387 109
425 267
643 267
485 109
365 207
463 207
305 49
191 131
333 131
273 71
235 153
377 153
295 71
175 93
197 93
115 11
85 69
191 69
175 53
233 143
339 143
249 53
217 127
291 127
201 37
211 153
401 153
343 95
359 227
549 227
417 95
301 169
375 169
243 37
195 137
353 137
295 79
279 179
437 179
337 79
221 121
263 121
163 21
125 99
271 99
245 73
313 193
459 193
339 73
287 167
381 167
261 47
251 183
481 183
413 115
439 277
669 277
507 115
371 209
465 209
303 47
225 157
403 157
335 89
309 199
487 199
377 89
241 131
283 131
173 21
109 83
223 83
197 57
233 145
347 145
259 57
207 119
269 119
181 31
139 103
273 103
237 67
263 165
397 165
299 67
227 129
289 129
191 31
113 77
195 77
159 41
133 87
215 87
169 41
97 51
107 51
61 5
37 31
87 31
81 25
113 69
163 69
119 25
107 63
145 63
101 19
115 83
217 83
185 51
191 121
293 121
223 51
159 89
197 89
127 19
109 77
199 77
167 45
161 103
251 103
193 45
129 71
155 71
97 13
93 73
199 73
179 53
225 139
331 139
245 53
205 119
271 119
185 33
171 125
329 125
283 79
303 191
461 191
349 79
257 145
323 145
211 33
151 105
269 105
223 59
203 131
321 131
249 59
157 85
183 85
111 13
87 67
181 67
161 47
195 121
289 121
215 47
175 101
229 101
155 27
129 95
251 95
217 61
237 149
359 149
271 61
203 115
257 115
169 27
109 75
191 75
157 41
137 89
219 89
171 41
103 55
117 55
69 7
47 39
109 39
101 31
139 85
201 85
147 31
131 77
177 77
123 23
137 99
259 99
221 61
229 145
351 145
267 61
191 107
237 107
153 23
129 91
235 91
197 53
189 121
295 121
227 53
151 83
181 83
113 15
103 81
221 81
199 59
251 155
369 155
273 59
229 133
303 133
207 37
193 141
371 141
319 89
341 215
519 215
393 89
289 163
363 163
237 37
171 119
305 119
253 67
231 149
365 149
283 67
179 97
209 97
127 15
95 73
197 73
175 51
211 131
313 131
233 51
189 109
247 109
167 29
137 101
267 101
231 65
253 159
383 159
289 65
217 123
275 123
181 29
115 79
201 79
165 43
143 93
229 93
179 43
107 57
121 57
71 7
41 33
91 33
83 25
109 67
159 67
117 25
101 59
135 59
93 17
95 69
181 69
155 43
163 103
249 103
189 43
137 77
171 77
111 17
87 61
157 61
131 35
123 79
193 79
149 35
97 53
115 53
71 9
49 39
107 39
97 29
125 77
183 77
135 29
115 67
153 67
105 19
103 75
197 75
169 47
179 113
273 113
207 47
151 85
189 85
123 19
93 65
167 65
139 37
129 83
203 83
157 37
101 55
119 55
73 9
41 31
83 31
73 21
85 53
127 53
95 21
75 43
97 43
65 11
47 35
93 35
81 23
91 57
137 57
103 23
79 45
101 45
67 11
37 25
63 25
51 13
41 27
67 27
53 13
29 15
31 15
17 1
